start_time,end_time,avg_cpu_usage,avg_mem_usage,max_cpu_usage,max_mem_usage
2467948000000,2468100000000,0.00016403198242100002,0.0006179809570310001,0.003772735595703,0.000673294067382
2468100000000,2468400000000,7.43865966796875e-05,0.000499725341796,0.000579833984375,0.000569343566894
2468400000000,2468700000000,8.0108642578125e-05,0.000473022460937,0.00057315826416,0.000475883483886
2468700000000,2469000000000,7.2479248046875e-05,0.000473022460937,0.000435829162597,0.000475883483886
2469000000000,2469300000000,7.62939453125e-05,0.000473976135253,0.000615119934082,0.0004768371582030001
2469300000000,2469600000000,7.82012939453125e-05,0.000473022460937,0.0005769729614250001,0.000475883483886
2469600000000,2469900000000,8.296966552734376e-05,0.000473022460937,0.0007028579711910001,0.000473976135253
2469900000000,2470200000000,7.62939453125e-05,0.000473022460937,0.00054931640625,0.000473976135253
2470200000000,2470500000000,8.392333984375001e-05,0.000473022460937,0.000543594360351,0.000475883483886
2470500000000,2470800000000,7.724761962890625e-05,0.000473976135253,0.0005226135253900001,0.000473976135253
2470800000000,2471100000000,7.915496826171875e-05,0.000473976135253,0.0008506774902340001,0.000473976135253
2471100000000,2471400000000,7.343292236328125e-05,0.000473976135253,0.00045871734619100005,0.000473976135253
2471400000000,2471700000000,8.0108642578125e-05,0.0004777908325190001,0.000810623168945,0.000481605529785
2471700000000,2472000000000,7.05718994140625e-05,0.0004777908325190001,0.000622749328613,0.000478744506835
2472000000000,2472300000000,7.534027099609375e-05,0.0004768371582030001,0.0006570816040030001,0.0004768371582030001
2472300000000,2472600000000,7.05718994140625e-05,0.000475883483886,0.001140594482421,0.000475883483886
2472600000000,2472900000000,8.487701416015626e-05,0.000475883483886,0.001043319702148,0.000475883483886
2472900000000,2473200000000,7.724761962890625e-05,0.000475883483886,0.000773429870605,0.000475883483886
2473200000000,2473500000000,7.62939453125e-05,0.000475883483886,0.001020431518554,0.000475883483886
2473500000000,2473800000000,7.534027099609375e-05,0.000475883483886,0.00051212310791,0.000475883483886
2473800000000,2474100000000,8.106231689453125e-05,0.000475883483886,0.000627517700195,0.000475883483886
2474100000000,2474400000000,8.0108642578125e-05,0.000475883483886,0.000551223754882,0.000475883483886
2474400000000,2474700000000,8.0108642578125e-05,0.000475883483886,0.00119400024414,0.000475883483886
2474700000000,2475000000000,7.2479248046875e-05,0.000475883483886,0.000971794128417,0.000475883483886
2475000000000,2475300000000,0.00014114379882800002,0.000494003295898,0.008224487304687,0.000547409057617
2475300000000,2475600000000,0.000197410583496,0.000543594360351,0.001117706298828,0.000543594360351
2475600000000,2475900000000,0.00016307830810500002,0.000542640686035,0.000592231750488,0.000543594360351
2475900000000,2476200000000,0.00016689300537100002,0.000539779663085,0.001129150390625,0.000542640686035
2476200000000,2476500000000,0.00016975402832,0.000531196594238,0.000988006591796,0.000536918640136
2476500000000,2476800000000,0.00017166137695300002,0.0005273818969720001,0.00063419342041,0.000531196594238
2476800000000,2477100000000,0.00017356872558500002,0.000525474548339,0.001064300537109,0.0005264282226560001
2477100000000,2477400000000,0.00016975402832,0.000525474548339,0.001039505004882,0.000525474548339
2477400000000,2477700000000,0.00017166137695300002,0.0005264282226560001,0.0008153915405270001,0.000528335571289
2477700000000,2477834000000,0.000161170959472,0.0005273818969720001,0.000889778137207,0.0005273818969720001
2477834000000,2478000000000,0.000188827514648,0.0005273818969720001,0.001110076904296,0.0005273818969720001
2478000000000,2478300000000,0.000170707702636,0.0005264282226560001,0.0008811950683590001,0.0005264282226560001
2478300000000,2478600000000,0.000194549560546,0.0005264282226560001,0.000638961791992,0.0005264282226560001
2478600000000,2478624000000,0.000188827514648,0.0005264282226560001,0.000336647033691,0.0005264282226560001
2478624000000,2478900000000,0.000189781188964,0.0005273818969720001,0.001359939575195,0.000530242919921
2478900000000,2479200000000,0.000186920166015,0.0005273818969720001,0.001237869262695,0.000529289245605
2479200000000,2479500000000,0.000190734863281,0.0005273818969720001,0.0007038116455070001,0.000530242919921
2479500000000,2479800000000,0.00016880035400300002,0.0005273818969720001,0.0005712509155270001,0.000529289245605
2479800000000,2480100000000,0.00017356872558500002,0.0005273818969720001,0.000918388366699,0.000529289245605
2480100000000,2480400000000,0.000179290771484,0.0005273818969720001,0.00068187713623,0.000529289245605
2480400000000,2480700000000,0.000175476074218,0.0005273818969720001,0.001379013061523,0.000530242919921
2480700000000,2481000000000,0.00017356872558500002,0.0005273818969720001,0.0006923675537100001,0.000529289245605
2481000000000,2481300000000,0.00016975402832,0.0005273818969720001,0.001581192016601,0.0005273818969720001
2481300000000,2481600000000,0.00016880035400300002,0.0005273818969720001,0.000708580017089,0.0005273818969720001
2481600000000,2481900000000,0.00016880035400300002,0.0005273818969720001,0.000707626342773,0.000529289245605
2481900000000,2482200000000,0.00017166137695300002,0.000528335571289,0.0006179809570310001,0.000529289245605
2482200000000,2482500000000,0.000229835510253,0.000542640686035,0.008026123046875,0.000575065612792
2482500000000,2482800000000,0.000274658203125,0.000575065612792,0.0017948150634760002,0.000575065612792
2482800000000,2483100000000,0.000226020812988,0.000574111938476,0.002979278564453,0.000575065612792
2483100000000,2483400000000,0.000228881835937,0.000568389892578,0.0008754730224600001,0.000574111938476
2483400000000,2483700000000,0.00024032592773400003,0.0005569458007810001,0.001153945922851,0.000560760498046
2483700000000,2484000000000,0.000247955322265,0.000554084777832,0.004127502441406,0.000555992126464
2484000000000,2484300000000,0.000226020812988,0.000555038452148,0.000819206237792,0.000555038452148
2484300000000,2484600000000,0.000223159790039,0.000555038452148,0.0008363723754880001,0.000555038452148
2484600000000,2484900000000,0.000225067138671,0.000554084777832,0.00120735168457,0.000555038452148
2484900000000,2485200000000,0.000222206115722,0.000554084777832,0.001245498657226,0.000554084777832
2485200000000,2485500000000,0.000223159790039,0.000554084777832,0.00131607055664,0.000555038452148
2485500000000,2485800000000,0.00021553039550700005,0.000554084777832,0.0007104873657220001,0.000554084777832
2485800000000,2486100000000,0.00021743774414,0.000554084777832,0.001277923583984,0.000555038452148
2486100000000,2486400000000,0.000232696533203,0.000555038452148,0.0017166137695310002,0.000555038452148
2486400000000,2486700000000,0.000224113464355,0.000555038452148,0.002555847167968,0.000555038452148
2486700000000,2487000000000,0.000229835510253,0.000555038452148,0.001211166381835,0.000555038452148
2487000000000,2487300000000,0.000245094299316,0.000555038452148,0.0024070739746090003,0.000555038452148
2487300000000,2487600000000,0.00023078918457,0.000555038452148,0.0006866455078120001,0.000555038452148
2487600000000,2487900000000,0.00023078918457,0.000555038452148,0.001384735107421,0.000555992126464
2487900000000,2488200000000,0.000226974487304,0.000555038452148,0.0006990432739250001,0.000555038452148
2488200000000,2488500000000,0.000223159790039,0.000555038452148,0.000889778137207,0.000555038452148
2488500000000,2488800000000,0.000226974487304,0.000555038452148,0.001876831054687,0.000555038452148
2488800000000,2489100000000,0.00025177001953100004,0.000555038452148,0.002128601074218,0.000555038452148
2489100000000,2489400000000,0.000220298767089,0.000555038452148,0.001012802124023,0.000555038452148
2489400000000,2489700000000,0.000243186950683,0.000555038452148,0.0025177001953120004,0.000555992126464
2489700000000,2490000000000,0.000229835510253,0.000555992126464,0.001234054565429,0.000555992126464
2490000000000,2490300000000,0.000227928161621,0.000555992126464,0.003650665283203,0.0005569458007810001
2490300000000,2490600000000,0.000222206115722,0.000555992126464,0.0013275146484370002,0.000555992126464
2490600000000,2490900000000,0.000226974487304,0.000555992126464,0.000974655151367,0.000555992126464
2490900000000,2491200000000,0.000220298767089,0.000555992126464,0.0008401870727530001,0.000555992126464
2491200000000,2491500000000,0.000223159790039,0.000555038452148,0.001028060913085,0.000555992126464
2491500000000,2491800000000,0.000219345092773,0.000555038452148,0.001453399658203,0.000555992126464
2491800000000,2492100000000,0.000218391418457,0.000555038452148,0.0008468627929680001,0.000555992126464
2492100000000,2492400000000,0.000221252441406,0.000555038452148,0.001008987426757,0.000555038452148
2492400000000,2492700000000,0.000228881835937,0.000555992126464,0.002017974853515,0.0005569458007810001
2492700000000,2492827000000,0.000212669372558,0.000555992126464,0.00065803527832,0.000555992126464
2492827000000,2493000000000,0.000227928161621,0.000555992126464,0.002212524414062,0.000555992126464
2493000000000,2493300000000,0.000287055969238,0.000574111938476,0.01605224609375,0.000608444213867
2493300000000,2493600000000,0.00030422210693300004,0.000605583190917,0.001483917236328,0.000608444213867
2493600000000,2493617000000,0.000275611877441,0.000604629516601,0.0006790161132810001,0.000604629516601
2493617000000,2493900000000,0.000268936157226,0.000605583190917,0.002204895019531,0.000605583190917
2493900000000,2494200000000,0.000256538391113,0.0006008148193350001,0.001129150390625,0.000604629516601
2494200000000,2494500000000,0.000269889831542,0.0005941390991210001,0.001317977905273,0.0005960464477530001
2494500000000,2494800000000,0.00026130676269500003,0.000590324401855,0.001070022583007,0.0005941390991210001
2494800000000,2495100000000,0.00026321411132800005,0.0005884170532220001,0.000974655151367,0.000589370727539
2495100000000,2495400000000,0.000256538391113,0.0005884170532220001,0.001125335693359,0.0005884170532220001
2495400000000,2495700000000,0.00026321411132800005,0.0005874633789060001,0.001749038696289,0.0005884170532220001
2495700000000,2496000000000,0.000260353088378,0.0005884170532220001,0.0008506774902340001,0.0005884170532220001
2496000000000,2496300000000,0.00026416778564400005,0.0005884170532220001,0.000896453857421,0.0005884170532220001
2496300000000,2496600000000,0.000269889831542,0.0005884170532220001,0.001428604125976,0.000590324401855
2496600000000,2496900000000,0.000267028808593,0.000591278076171,0.0014362335205070002,0.000591278076171
2496900000000,2497200000000,0.00026321411132800005,0.000590324401855,0.0014057159423820002,0.000590324401855
2497200000000,2497500000000,0.000268936157226,0.000589370727539,0.000823020935058,0.000590324401855
2497500000000,2497800000000,0.00027275085449200004,0.000590324401855,0.000921249389648,0.000590324401855
2497800000000,2498100000000,0.000289916992187,0.000589370727539,0.001375198364257,0.000589370727539
2498100000000,2498400000000,0.000257492065429,0.0005884170532220001,0.001766204833984,0.0005884170532220001
2498400000000,2498700000000,0.00026226043701100003,0.0005884170532220001,0.000989913940429,0.0005884170532220001
2498700000000,2499000000000,0.00026416778564400005,0.0005884170532220001,0.0008316040039060001,0.0005884170532220001
2499000000000,2499300000000,0.000266075134277,0.0005884170532220001,0.001188278198242,0.000589370727539
2499300000000,2499600000000,0.000267028808593,0.0005884170532220001,0.00090217590332,0.000589370727539
2499600000000,2499900000000,0.000266075134277,0.0005884170532220001,0.001123428344726,0.0005884170532220001
2499900000000,2500200000000,0.00026321411132800005,0.0005884170532220001,0.002128601074218,0.0005884170532220001
2500200000000,2500500000000,0.00027847290039,0.000589370727539,0.001728057861328,0.000589370727539
2500500000000,2500800000000,0.00026798248291,0.000589370727539,0.0029716491699210003,0.000589370727539
2500800000000,2501100000000,0.00026798248291,0.000589370727539,0.0016403198242180002,0.000589370727539
2501100000000,2501400000000,0.00026321411132800005,0.0005884170532220001,0.001127243041992,0.000589370727539
2501400000000,2501700000000,0.00026416778564400005,0.0005884170532220001,0.001409530639648,0.000589370727539
2501700000000,2502000000000,0.00026321411132800005,0.0005884170532220001,0.000819206237792,0.000589370727539
2502000000000,2502300000000,0.00027179718017500003,0.0005884170532220001,0.002708435058593,0.000589370727539
2502300000000,2502600000000,0.000268936157226,0.0005884170532220001,0.001577377319335,0.0005884170532220001
2502600000000,2502900000000,0.000267028808593,0.000589370727539,0.001117706298828,0.000589370727539
2502900000000,2503200000000,0.00026130676269500003,0.000589370727539,0.001325607299804,0.000589370727539
2503200000000,2503500000000,0.00026512145996000004,0.000589370727539,0.001354217529296,0.000590324401855
2503500000000,2503800000000,0.00026226043701100003,0.000589370727539,0.001199722290039,0.000589370727539
2503800000000,2504100000000,0.000336647033691,0.000612258911132,0.007804870605468001,0.0006494522094720001
2504100000000,2504312000000,0.00035667419433500004,0.000640869140625,0.00119400024414,0.000641822814941
2504312000000,2504400000000,0.00029373168945300005,0.000640869140625,0.000959396362304,0.000640869140625
2504400000000,2504700000000,0.00031566619873000005,0.000639915466308,0.0017776489257810002,0.000639915466308
2504700000000,2505000000000,0.000307083129882,0.0006332397460930001,0.001190185546875,0.000639915466308
2505000000000,2505300000000,0.000311851501464,0.000628471374511,0.00162124633789,0.0006313323974600001
2505300000000,2505600000000,0.000298500061035,0.0006256103515620001,0.00118064880371,0.000627517700195
2505600000000,2505900000000,0.00030422210693300004,0.000623703002929,0.001935958862304,0.000623703002929
2505900000000,2506200000000,0.000307083129882,0.000622749328613,0.001018524169921,0.000623703002929
2506200000000,2506500000000,0.000309944152832,0.000623703002929,0.0023765563964840003,0.0006246566772460001
2506500000000,2506800000000,0.000297546386718,0.0006246566772460001,0.0010223388671870002,0.0006246566772460001
2506800000000,2507100000000,0.000308990478515,0.000623703002929,0.00225830078125,0.0006246566772460001
2507100000000,2507400000000,0.000317573547363,0.000622749328613,0.001356124877929,0.000622749328613
2507400000000,2507700000000,0.000359535217285,0.0006303787231440001,0.007705688476562,0.000666618347167
2507700000000,2507901000000,0.0004081726074210001,0.0006628036499020001,0.001256942749023,0.000664710998535
2507901000000,2508000000000,0.00035476684570300005,0.0006628036499020001,0.0015335083007810002,0.0006628036499020001
2508000000000,2508300000000,0.000349998474121,0.0006628036499020001,0.00181770324707,0.0006628036499020001
2508300000000,2508600000000,0.00034713745117100005,0.0006608963012690001,0.0019798278808590003,0.0006628036499020001
2508600000000,2508900000000,0.000342369079589,0.0006494522094720001,0.002449035644531,0.000658988952636
2508900000000,2509200000000,0.00034332275390600004,0.000647544860839,0.0011520385742180002,0.000647544860839
2509200000000,2509500000000,0.00033950805664,0.0006446838378900001,0.001142501831054,0.000647544860839
2509500000000,2509800000000,0.000342369079589,0.0006437301635740001,0.001188278198242,0.0006446838378900001
2509800000000,2510100000000,0.000336647033691,0.0006437301635740001,0.002033233642578,0.0006446838378900001
2510100000000,2510256000000,0.00033950805664,0.0006437301635740001,0.001115798950195,0.0006437301635740001
2510256000000,2510400000000,0.00034618377685500005,0.000642776489257,0.001260757446289,0.000642776489257
2510400000000,2510700000000,0.000349998474121,0.000645637512207,0.001178741455078,0.000646591186523
2510700000000,2511000000000,0.00034523010253900005,0.000645637512207,0.0012741088867180002,0.000645637512207
2511000000000,2511300000000,0.00034713745117100005,0.0006446838378900001,0.001752853393554,0.000645637512207
2511300000000,2511600000000,0.000341415405273,0.0006437301635740001,0.001796722412109,0.0006446838378900001
2511600000000,2511900000000,0.00034523010253900005,0.000645637512207,0.001127243041992,-1.0
2511900000000,2512200000000,0.00034713745117100005,0.000647544860839,0.001520156860351,0.000647544860839
2512200000000,2512500000000,0.00035572052001900005,0.000647544860839,0.0023460388183590003,0.0006484985351560001
2512500000000,2512800000000,0.00035667419433500004,0.000647544860839,0.001644134521484,0.000647544860839
2512800000000,2513100000000,0.00035285949707000003,0.000647544860839,0.001659393310546,0.0006484985351560001
2513100000000,2513400000000,0.00035667419433500004,0.000647544860839,0.001787185668945,0.000647544860839
2513400000000,2513700000000,0.000342369079589,0.000647544860839,0.001165390014648,0.0006484985351560001
2513700000000,2514000000000,0.000349998474121,0.000647544860839,0.003883361816406,0.000647544860839
2514000000000,2514300000000,0.000349044799804,0.000647544860839,0.0020866394042960003,0.000647544860839
2514300000000,2514600000000,0.000348091125488,0.000647544860839,0.001638412475585,0.000647544860839
2514600000000,2514900000000,0.00034618377685500005,0.000647544860839,0.001226425170898,0.0006484985351560001
2514900000000,2515200000000,0.00034427642822200004,0.000647544860839,0.001171112060546,0.0006484985351560001
2515200000000,2515467000000,0.00034523010253900005,0.000647544860839,0.00191307067871,-1.0
2515467000000,2515500000000,0.000319480895996,0.0006446838378900001,0.000410079956054,0.000645637512207
2515500000000,2515800000000,0.00033760070800700005,0.0006446838378900001,0.001459121704101,0.0006446838378900001
2515800000000,2516100000000,0.000342369079589,0.0006446838378900001,0.001605987548828,0.0006446838378900001
2516100000000,2516400000000,0.000350952148437,0.0006437301635740001,0.001192092895507,0.0006446838378900001
2516400000000,2516700000000,0.000349998474121,0.0006446838378900001,0.001108169555664,0.000645637512207
2516700000000,2517000000000,0.000351905822753,0.0006446838378900001,0.001636505126953,0.0006446838378900001
2517000000000,2517300000000,0.000349044799804,0.0006446838378900001,0.004142761230468001,0.0006446838378900001
2517300000000,2517600000000,0.000357627868652,0.0006437301635740001,0.001569747924804,0.0006446838378900001
2517600000000,2517900000000,0.00035381317138600003,0.000642776489257,0.0016708374023430002,0.0006437301635740001
2517900000000,2518200000000,0.00035381317138600003,0.000642776489257,0.001775741577148,0.0006437301635740001
2518200000000,2518500000000,0.000405311584472,0.0006551742553710001,0.007965087890625,0.0006933212280270001
2518500000000,2518709000000,0.000432014465332,0.0006923675537100001,0.001373291015625,0.0006942749023430001
2518709000000,2518800000000,0.000388145446777,0.0006923675537100001,0.0014362335205070002,0.0006942749023430001
2518800000000,2519100000000,0.000389099121093,0.0006914138793940001,0.001493453979492,0.0006933212280270001
2519100000000,2519400000000,0.000391006469726,0.0006790161132810001,0.003719329833984,0.0006904602050780001
2519400000000,2519700000000,0.000392913818359,0.0006742477416990001,0.00146484375,0.000678062438964
2519700000000,2520000000000,0.00038719177246,0.000673294067382,0.002185821533203,0.0006742477416990001
2520000000000,2520300000000,0.000388145446777,0.000673294067382,0.001720428466796,0.000673294067382
2520300000000,2520600000000,0.000433921813964,0.000670433044433,0.001796722412109,0.000673294067382
2520600000000,2520900000000,0.00040054321289,0.000669479370117,0.00136375427246,0.000670433044433
2520900000000,2521200000000,0.00038719177246,0.000669479370117,0.004737854003906,0.000670433044433
2521200000000,2521500000000,0.000382423400878,0.00067138671875,0.001491546630859,0.00067138671875
2521500000000,2521800000000,0.000384330749511,0.00067138671875,0.00137710571289,0.00067138671875
2521800000000,2522100000000,0.000379562377929,0.00067138671875,0.001253128051757,0.00067138671875
2522100000000,2522400000000,0.000391960144042,0.00067138671875,0.001401901245117,0.000673294067382
2522400000000,2522700000000,0.0003862380981440001,0.000673294067382,0.0034027099609370004,0.000673294067382
2522700000000,2523000000000,0.000381469726562,0.000672340393066,0.001321792602539,0.000673294067382
2523000000000,2523300000000,0.000380516052246,0.000672340393066,0.00286865234375,0.000673294067382
2523300000000,2523600000000,0.0003776550292960001,0.000672340393066,0.001565933227539,0.000672340393066
2523600000000,2523900000000,0.000391006469726,0.00067138671875,0.00181770324707,0.000707626342773
2523900000000,2524200000000,0.000392913818359,0.00067138671875,0.001550674438476,0.00067138671875
2524200000000,2524500000000,0.000392913818359,0.00067138671875,0.001857757568359,0.00067138671875
2524500000000,2524800000000,0.000404357910156,0.000670433044433,0.0022850036621090003,0.000670433044433
2524800000000,2525100000000,0.000394821166992,0.000670433044433,0.00132942199707,0.000670433044433
2525100000000,2525400000000,0.0004062652587890001,0.00067138671875,0.001924514770507,0.000672340393066
2525400000000,2525700000000,0.00040054321289,0.000672340393066,0.001369476318359,0.000676155090332
2525700000000,2526000000000,0.000389099121093,0.000672340393066,0.001665115356445,0.0006752014160150001
2526000000000,2526300000000,0.000382423400878,0.000672340393066,0.0021324157714840003,0.0006742477416990001
2526300000000,2526600000000,0.000389099121093,0.00067138671875,0.001216888427734,0.000673294067382
2526600000000,2526900000000,0.000392913818359,0.00067138671875,0.0024681091308590003,0.000673294067382
2526900000000,2527200000000,0.0003862380981440001,0.000670433044433,0.0016117095947260002,0.000673294067382
2527200000000,2527500000000,0.0003862380981440001,0.00067138671875,0.001222610473632,0.000673294067382
2527500000000,2527800000000,0.000389099121093,0.000670433044433,0.001401901245117,0.000673294067382
2527800000000,2528100000000,0.00038719177246,0.00067138671875,0.001476287841796,0.000673294067382
2528100000000,2528400000000,0.000401496887207,0.00067138671875,0.003879547119140001,0.000673294067382
2528400000000,2528700000000,0.000392913818359,0.00067138671875,0.0027122497558590003,0.000673294067382
2528700000000,2529000000000,0.000394821166992,0.000673294067382,0.00139045715332,0.000673294067382
2529000000000,2529300000000,0.00042915344238200005,0.00068187713623,0.007369995117187,0.0007028579711910001
2529300000000,2529600000000,0.000433921813964,0.0006980895996090001,0.001630783081054,0.000700950622558
2529600000000,2529900000000,0.0004367828369140001,0.0006980895996090001,0.001562118530273,0.000700950622558
2529900000000,2530200000000,0.00042819976806600005,0.0006980895996090001,0.002212524414062,0.000700950622558
2530200000000,2530500000000,0.000432014465332,0.000697135925292,0.002277374267578,0.000699996948242
2530500000000,2530718000000,0.000439643859863,0.000696182250976,0.001567840576171,0.000696182250976
2530718000000,2530800000000,0.0004167556762690001,0.00069522857666,0.001874923706054,0.00069522857666
2530800000000,2531100000000,0.00042915344238200005,0.00069522857666,0.002372741699218,0.000696182250976
2531100000000,2531400000000,0.0004377365112300001,0.000696182250976,0.002307891845703,0.000696182250976
2531400000000,2531700000000,0.000430107116699,0.000697135925292,0.001583099365234,0.000697135925292
2531700000000,2532000000000,0.000432014465332,0.000697135925292,0.0025444030761710003,0.0006980895996090001
2532000000000,2532300000000,0.000425338745117,0.000697135925292,0.001937866210937,0.000697135925292
2532300000000,2532391000000,0.000411987304687,0.000696182250976,0.001384735107421,0.000696182250976
2532391000000,2532600000000,0.000426292419433,0.000696182250976,0.001493453979492,0.000696182250976
2532600000000,2532900000000,0.0004377365112300001,0.00069522857666,0.002750396728515,0.000696182250976
2532900000000,2533200000000,0.000432014465332,0.00069522857666,0.001823425292968,0.00069522857666
2533200000000,2533500000000,0.000433921813964,0.00069522857666,0.001726150512695,0.00069522857666
2533500000000,2533800000000,0.000432968139648,0.00069522857666,0.00164794921875,0.00069522857666
2533800000000,2534100000000,0.000420570373535,0.00069522857666,0.001569747924804,0.00069522857666
2534100000000,2534400000000,0.000433921813964,0.000696182250976,0.002166748046875,0.000697135925292
2534400000000,2534700000000,0.000426292419433,0.000697135925292,0.001522064208984,0.0006980895996090001
2534700000000,2535000000000,0.00042724609375,0.000697135925292,0.002464294433593,0.0006980895996090001
2535000000000,2535300000000,0.000423431396484,0.000697135925292,0.002182006835937,0.000697135925292
2535300000000,2535600000000,0.0004243850708,0.000697135925292,0.001478195190429,0.000700950622558
2535600000000,2535900000000,0.000431060791015,0.000700950622558,0.002674102783203,0.0007019042968750001
2535900000000,2536200000000,0.00042724609375,0.0006990432739250001,0.001911163330078,0.000700950622558
2536200000000,2536500000000,0.0004692077636710001,0.0007057189941400001,0.002098083496093,0.0007209777832030001
2536500000000,2536800000000,0.0005102157592770001,0.0007171630859370001,0.001836776733398,0.000720024108886
2536800000000,2537100000000,0.000443458557128,0.000713348388671,0.001520156860351,0.0007171630859370001
2537100000000,2537400000000,0.000432968139648,0.0007095336914060001,0.0014057159423820002,0.0007104873657220001
2537400000000,2537700000000,0.0004062652587890001,0.000706672668457,0.001422882080078,0.000707626342773
2537700000000,2538000000000,0.000426292419433,0.0007028579711910001,0.002857208251953,0.000706672668457
2538000000000,2538300000000,0.000422477722167,0.0007028579711910001,0.001544952392578,0.000712394714355
2538300000000,2538600000000,0.000422477722167,0.0007019042968750001,0.0014953613281250002,0.0007019042968750001
2538600000000,2538900000000,0.000411033630371,0.000700950622558,0.001373291015625,0.000700950622558
2538900000000,2539200000000,0.000411033630371,0.0007019042968750001,0.001960754394531,0.0007019042968750001
2539200000000,2539500000000,0.000421524047851,0.0007019042968750001,0.001455307006835,0.0007019042968750001
2539500000000,2539800000000,0.000422477722167,0.0007019042968750001,0.002323150634765,0.0007028579711910001
2539800000000,2540100000000,0.000420570373535,0.0007028579711910001,0.002262115478515,0.0007038116455070001
2540100000000,2540400000000,0.000425338745117,0.0007028579711910001,0.0015583038330070002,0.0007028579711910001
2540400000000,2540700000000,0.000423431396484,0.0007019042968750001,0.00152587890625,0.0007019042968750001
2540700000000,2541000000000,0.000410079956054,0.000700950622558,0.0013427734375,0.000700950622558
2541000000000,2541300000000,0.000411987304687,0.0007019042968750001,0.001516342163085,0.0007028579711910001
2541300000000,2541600000000,0.000411033630371,0.0007028579711910001,0.001909255981445,0.0007028579711910001
2541600000000,2541900000000,0.0004243850708,0.000700950622558,0.0032043457031250004,0.0007028579711910001
2541900000000,2542200000000,0.0004243850708,0.000700950622558,0.001491546630859,0.000700950622558
2542200000000,2542500000000,0.000425338745117,0.000700950622558,0.001567840576171,0.000700950622558
2542500000000,2542800000000,0.00041961669921800006,0.000700950622558,0.002323150634765,0.000700950622558
2542800000000,2543100000000,0.000431060791015,0.0007019042968750001,0.001539230346679,0.0007038116455070001
2543100000000,2543400000000,0.000423431396484,0.0007038116455070001,0.0024528503417960003,0.0007038116455070001
2543400000000,2543700000000,0.00041961669921800006,0.0007028579711910001,0.00341796875,0.0007038116455070001
2543700000000,2544000000000,0.000421524047851,0.0007019042968750001,0.001508712768554,0.0007019042968750001
2544000000000,2544300000000,0.000425338745117,0.0007047653198240001,0.001855850219726,0.0007057189941400001
2544300000000,2544600000000,0.0004367828369140001,0.0007057189941400001,0.0024375915527340003,0.0007057189941400001
2544600000000,2544900000000,0.0004243850708,0.0007028579711910001,0.001453399658203,0.0007047653198240001
2544900000000,2545200000000,0.000422477722167,0.0007019042968750001,0.001508712768554,0.0007038116455070001
2545200000000,2545500000000,0.0005521774291990001,0.000712394714355,0.0034484863281250004,0.0007219314575190001
2545500000000,2545800000000,0.00046157836914,0.0007343292236320001,0.001628875732421,-1.0
2545800000000,2546100000000,0.000433921813964,0.0007209777832030001,0.002830505371093,0.0007219314575190001
2546100000000,2546400000000,0.000412940979003,0.00071907043457,0.0021476745605460003,0.0007209777832030001
2546400000000,2546700000000,0.0004167556762690001,0.000708580017089,0.001529693603515,0.0007171630859370001
2546700000000,2547000000000,0.00041389465332,0.000707626342773,0.0023155212402340003,0.000707626342773
2547000000000,2547300000000,0.000411987304687,0.000707626342773,0.0030364990234370004,0.0007095336914060001
2547300000000,2547600000000,0.0004081726074210001,0.000707626342773,0.001827239990234,0.0007095336914060001
2547600000000,2547900000000,0.00042915344238200005,0.000707626342773,0.002979278564453,0.0007104873657220001
2547900000000,2548200000000,0.00045776367187500005,0.000707626342773,0.002510070800781,0.000711441040039
2548200000000,2548500000000,0.0004167556762690001,0.0007095336914060001,0.004524230957031,0.000711441040039
2548500000000,2548800000000,0.0004081726074210001,0.000708580017089,0.001832962036132,0.000711441040039
2548800000000,2549100000000,0.0004377365112300001,0.000708580017089,0.002952575683593,0.000713348388671
2549100000000,2549400000000,0.00046157836914,0.000713348388671,0.00241470336914,0.000713348388671
2549400000000,2549700000000,0.000482559204101,0.000715255737304,0.0016174316406250002,0.00071907043457
2549700000000,2550000000000,0.0004768371582030001,0.000739097595214,0.0016727447509760002,-1.0
2550000000000,2550300000000,0.000501632690429,0.0007858276367180001,0.0030784606933590003,-1.0
2550300000000,2550600000000,0.0004472732543940001,0.0007858276367180001,0.002738952636718,0.0007896423339840001
2550600000000,2550900000000,0.00051212310791,0.0007858276367180001,0.003196716308593,-1.0
2550900000000,2551200000000,0.000528335571289,0.0007858276367180001,0.0030174255371090003,-1.0
2551200000000,2551500000000,0.000435829162597,0.0007858276367180001,0.001960754394531,-1.0
2551500000000,2551800000000,0.0004243850708,0.000758171081542,0.0033111572265620004,-1.0
2551800000000,2552100000000,0.000420570373535,0.000745773315429,0.00830078125,-1.0
2552100000000,2552400000000,0.0006618499755850001,0.0007858276367180001,0.0020866394042960003,-1.0
2552400000000,2552700000000,0.0005531311035150001,0.0007858276367180001,0.002006530761718,-1.0
2552700000000,2553000000000,0.000590324401855,0.0007858276367180001,0.0035514831542960003,-1.0
2553000000000,2553300000000,0.000440597534179,0.0007858276367180001,0.0015563964843750002,0.000791549682617
2553300000000,2553600000000,0.0005331039428710001,0.0007858276367180001,0.004875183105468001,-1.0
2553600000000,2553900000000,0.0004682540893550001,0.0007858276367180001,0.002952575683593,0.0007944107055660001
2553900000000,2554200000000,0.0004243850708,0.0007858276367180001,0.001998901367187,-1.0
2554200000000,2554500000000,0.0004959106445310001,0.0007858276367180001,0.007057189941406,-1.0
2554500000000,2554800000000,0.000452041625976,0.0007858276367180001,0.0017719268798820002,0.0007905960083000001
2554800000000,2555100000000,0.00045776367187500005,0.0007858276367180001,0.001821517944335,0.000786781311035
2555100000000,2555400000000,0.00045967102050700005,0.0007858276367180001,0.0024070739746090003,0.000786781311035
2555400000000,2555700000000,0.000441551208496,0.0007858276367180001,0.001752853393554,0.0007858276367180001
2555700000000,2556000000000,0.0004472732543940001,0.0007858276367180001,0.002098083496093,0.0007858276367180001
2556000000000,2556300000000,0.00044918060302700006,0.0007858276367180001,0.0026817321777340003,0.0007858276367180001
2556300000000,2556600000000,0.000452995300292,0.0007858276367180001,0.0019645690917960003,0.0007858276367180001
2556600000000,2556900000000,0.000454902648925,0.0007858276367180001,0.0017395019531250002,0.000786781311035
2556900000000,2557200000000,0.00045776367187500005,0.0007858276367180001,0.002418518066406,0.0007858276367180001
2557200000000,2557500000000,0.00044918060302700006,0.0007858276367180001,0.0019950866699210003,0.000786781311035
2557500000000,2557800000000,0.00044822692871,0.0007858276367180001,0.002120971679687,0.000786781311035
2557800000000,2558100000000,0.00044918060302700006,0.0007858276367180001,0.001745223999023,0.000786781311035
2558100000000,2558400000000,0.0004463195800780001,0.0007858276367180001,0.002235412597656,0.000786781311035
2558400000000,2558700000000,0.0004463195800780001,0.0007858276367180001,0.001523971557617,0.0007858276367180001
2558700000000,2559000000000,0.000445365905761,0.0007858276367180001,0.002063751220703,0.000786781311035
2559000000000,2559300000000,0.00045013427734300006,0.0007858276367180001,0.001991271972656,0.000786781311035
2559300000000,2559600000000,0.00044822692871,0.0007858276367180001,0.00174331665039,0.000786781311035
2559600000000,2559900000000,0.000456809997558,0.0007858276367180001,0.0028839111328120004,0.0007858276367180001
2559900000000,2560200000000,0.000460624694824,0.0007858276367180001,0.001779556274414,0.000786781311035
2560200000000,2560500000000,0.000462532043457,0.0007858276367180001,0.005126953125,0.000786781311035
2560500000000,2560800000000,0.000452041625976,0.0007858276367180001,0.003192901611328,0.0007858276367180001
2560800000000,2561100000000,0.000453948974609,0.0007858276367180001,0.0026359558105460003,0.000786781311035
2561100000000,2561400000000,0.000455856323242,0.0007858276367180001,0.002037048339843,0.000787734985351
2561400000000,2561700000000,0.000493049621582,0.0007858276367180001,0.002799987792968,0.000786781311035
2561700000000,2562000000000,0.000516891479492,0.0007858276367180001,0.003486633300781,0.000786781311035
2562000000000,2562300000000,0.00044918060302700006,0.0007858276367180001,0.004898071289062,0.0007858276367180001
2562300000000,2562600000000,0.000445365905761,0.0007858276367180001,0.003421783447265,0.000787734985351
2562600000000,2562900000000,0.00046157836914,0.0007858276367180001,0.00192642211914,0.0007858276367180001
2562900000000,2563200000000,0.000493049621582,0.0007858276367180001,0.00175666809082,0.000787734985351
2563200000000,2563500000000,0.000442504882812,0.0007858276367180001,0.002216339111328,0.000786781311035
2563500000000,2563800000000,0.000454902648925,0.0007858276367180001,0.003616333007812,0.000786781311035
2563800000000,2564100000000,0.000472068786621,0.0007858276367180001,0.003303527832031,0.000786781311035
2564100000000,2564400000000,0.000453948974609,0.0007858276367180001,0.0016498565673820002,0.000786781311035
2564400000000,2564700000000,0.000454902648925,0.0007858276367180001,0.0015583038330070002,0.000786781311035
2564700000000,2565000000000,0.00046157836914,0.0007858276367180001,0.0031547546386710003,0.0007858276367180001
2565000000000,2565300000000,0.000452995300292,0.0007858276367180001,0.002216339111328,0.000786781311035
2565300000000,2565600000000,0.000453948974609,0.0007858276367180001,0.001951217651367,0.000786781311035
2565600000000,2565900000000,0.00044918060302700006,0.0007858276367180001,0.001737594604492,0.000786781311035
2565900000000,2566200000000,0.0004463195800780001,0.0007858276367180001,0.002384185791015,0.000786781311035
2566200000000,2566500000000,0.00045108795166,0.0007858276367180001,0.001651763916015,0.0007858276367180001
2566500000000,2566800000000,0.000460624694824,0.0007858276367180001,0.001810073852539,0.0007858276367180001
2566800000000,2567100000000,0.000453948974609,0.0007858276367180001,0.0027580261230460003,0.000792503356933
2567100000000,2567400000000,0.0004463195800780001,0.0007858276367180001,0.00177001953125,0.000786781311035
2567400000000,2567700000000,0.000440597534179,0.0007858276367180001,0.001520156860351,0.0007858276367180001
2567700000000,2568000000000,0.000444412231445,0.0007858276367180001,0.001661300659179,0.000786781311035
2568000000000,2568300000000,0.000444412231445,0.0007858276367180001,0.001605987548828,0.0007858276367180001
2568300000000,2568600000000,0.000456809997558,0.0007858276367180001,0.0035667419433590003,0.000786781311035
2568600000000,2568900000000,0.000523567199707,0.0007858276367180001,0.003517150878906,0.000786781311035
2568900000000,2569200000000,0.0004968643188470001,0.0007858276367180001,0.0026206970214840003,0.000786781311035
2569200000000,2569500000000,0.000494003295898,0.0007858276367180001,0.0034904479980460003,0.0007858276367180001
2569500000000,2569800000000,0.000490188598632,0.0007858276367180001,0.002094268798828,0.000786781311035
2569800000000,2570100000000,0.000462532043457,0.0007858276367180001,0.0024070739746090003,0.000786781311035
2570100000000,2570400000000,0.000517845153808,0.0007858276367180001,0.003150939941406,0.000786781311035
2570400000000,2570700000000,0.000452041625976,0.0007858276367180001,0.0025596618652340003,0.000786781311035
2570700000000,2571000000000,0.00047016143798800006,0.0007858276367180001,0.00278091430664,0.0007858276367180001
2571000000000,2571300000000,0.0004472732543940001,0.0007858276367180001,0.0023651123046870004,0.000786781311035
2571300000000,2571600000000,0.00045013427734300006,0.0007858276367180001,0.002567291259765,0.0007858276367180001
2571600000000,2571900000000,0.000482559204101,0.0007858276367180001,0.0024528503417960003,0.000786781311035
2571900000000,2572200000000,0.000518798828125,0.0007858276367180001,0.002429962158203,0.000786781311035
2572200000000,2572500000000,0.000538825988769,0.0007858276367180001,0.005714416503906,0.000786781311035
2572500000000,2572800000000,0.000508308410644,0.000786781311035,0.0026092529296870004,0.000786781311035
2572800000000,2573100000000,0.00047492980957,0.0007858276367180001,0.002735137939453,0.0007858276367180001
2573100000000,2573400000000,0.000473022460937,0.0007858276367180001,0.0017948150634760002,0.0007858276367180001
2573400000000,2573700000000,0.00047969818115200006,0.0007858276367180001,0.00179100036621,-1.0
2573700000000,2574000000000,0.0004673004150390001,0.0007858276367180001,0.002262115478515,0.0007896423339840001
2574000000000,2574300000000,0.000460624694824,0.0007858276367180001,0.00168228149414,-1.0
2574300000000,2574600000000,0.000487327575683,0.0007858276367180001,0.0022697448730460003,0.000786781311035
2574600000000,2574900000000,0.0004968643188470001,0.0007858276367180001,0.004447937011718001,0.000786781311035
2574900000000,2575200000000,0.000508308410644,0.0007858276367180001,0.0017395019531250002,0.000788688659667
2575200000000,2575500000000,0.000501632690429,0.0007858276367180001,0.0024375915527340003,-1.0
2575500000000,2575800000000,0.000478744506835,0.0007858276367180001,0.002281188964843,0.0007858276367180001
2575800000000,2576100000000,0.000473976135253,0.0007858276367180001,0.002708435058593,0.000787734985351
2576100000000,2576400000000,0.00047111511230400006,0.0007858276367180001,0.0016174316406250002,0.0007858276367180001
2576400000000,2576700000000,0.000487327575683,0.0007858276367180001,0.0018310546875,0.0007858276367180001
2576700000000,2577000000000,0.0004777908325190001,0.0007858276367180001,0.002674102783203,0.0007858276367180001
2577000000000,2577300000000,0.0004777908325190001,0.0007858276367180001,0.00177001953125,0.0007858276367180001
2577300000000,2577600000000,0.000460624694824,0.0007858276367180001,0.002281188964843,0.0007858276367180001
2577600000000,2577900000000,0.00048828124999999995,0.0007858276367180001,0.0032958984375,0.000786781311035
2577900000000,2578200000000,0.000482559204101,0.0007858276367180001,0.001932144165039,0.0007858276367180001
2578200000000,2578500000000,0.000505447387695,0.0007858276367180001,0.001905441284179,0.000786781311035
2578500000000,2578800000000,0.000478744506835,0.0007858276367180001,0.0030517578125,0.0007858276367180001
2578800000000,2579100000000,0.000482559204101,0.0007858276367180001,0.002250671386718,0.0007858276367180001
2579100000000,2579400000000,0.00047111511230400006,0.0007858276367180001,0.002723693847656,0.0007858276367180001
2579400000000,2579700000000,0.000473976135253,0.0007858276367180001,0.004631042480468001,0.000787734985351
2579700000000,2580000000000,0.0004777908325190001,0.0007858276367180001,0.001691818237304,0.0007858276367180001
2580000000000,2580300000000,0.0004968643188470001,0.0007858276367180001,0.001874923706054,0.000787734985351
2580300000000,2580600000000,0.00048542022705,0.0007858276367180001,0.003173828125,0.000786781311035
2580600000000,2580900000000,0.000593185424804,0.0007858276367180001,0.006011962890625001,0.000786781311035
2580900000000,2581200000000,0.0007781982421870001,0.0007858276367180001,0.008529663085937,0.000786781311035
2581200000000,2581500000000,0.0006246566772460001,0.0007858276367180001,0.0357666015625,0.000786781311035
2581500000000,2581800000000,0.000508308410644,0.0007858276367180001,0.002552032470703,0.0007858276367180001
2581800000000,2582100000000,0.00054931640625,0.0007858276367180001,0.00229263305664,0.000786781311035
2582100000000,2582400000000,0.0005578994750970001,0.0007858276367180001,0.002197265625,0.000786781311035
2582400000000,2582700000000,0.000519752502441,0.0007858276367180001,0.003150939941406,0.000786781311035
2582700000000,2583000000000,0.000501632690429,0.0007858276367180001,0.001895904541015,0.000786781311035
2583000000000,2583300000000,0.000579833984375,0.000788688659667,0.007888793945312,0.0008096694946280001
2583300000000,2583600000000,0.0005769729614250001,0.000810623168945,0.002830505371093,0.000810623168945
2583600000000,2583900000000,0.0005569458007810001,0.000810623168945,0.0035514831542960003,0.000810623168945
2583900000000,2584200000000,0.0005111694335930001,0.000810623168945,0.002250671386718,0.000810623168945
2584200000000,2584500000000,0.000528335571289,0.0008010864257810001,0.003562927246093,0.0008096694946280001
2584500000000,2584800000000,0.00050926208496,0.000791549682617,0.002079010009765,0.000800132751464
2584800000000,2585100000000,0.000501632690429,0.0007905960083000001,0.0025901794433590003,0.0007905960083000001
2585100000000,2585400000000,0.0005102157592770001,0.0007905960083000001,0.003623962402343,0.0007905960083000001
2585400000000,2585700000000,0.000537872314453,0.0007905960083000001,0.002750396728515,0.0007905960083000001
2585700000000,2586000000000,0.0005416870117180001,0.0007896423339840001,0.00278091430664,0.0007905960083000001
2586000000000,2586300000000,0.0006322860717770001,0.000788688659667,0.002368927001953,0.0007896423339840001
2586300000000,2586600000000,0.0005531311035150001,0.000788688659667,0.004249572753906,0.000788688659667
2586600000000,2586900000000,0.000529289245605,0.000788688659667,0.002784729003906,0.0007896423339840001
2586900000000,2587200000000,0.000566482543945,0.000788688659667,0.002220153808593,0.0007896423339840001
2587200000000,2587500000000,0.000529289245605,0.000788688659667,0.0021781921386710003,0.0007896423339840001
2587500000000,2587800000000,0.000506401062011,0.000788688659667,0.002876281738281,0.000788688659667
2587800000000,2588100000000,0.0005273818969720001,0.0007905960083000001,0.002140045166015,0.00079345703125
2588100000000,2588400000000,0.000529289245605,0.00079345703125,0.0032310485839840003,0.00079345703125
2588400000000,2588700000000,0.000585556030273,0.0007896423339840001,0.007034301757812,0.000792503356933
2588700000000,2589000000000,0.000597953796386,0.000788688659667,0.0028800964355460003,0.0007896423339840001
2589000000000,2589300000000,0.0005645751953120001,0.000787734985351,0.003349304199218,0.000788688659667
2589300000000,2589600000000,0.0005760192871090001,0.000788688659667,0.003875732421875,0.000788688659667
2589600000000,2589900000000,0.000518798828125,0.000788688659667,0.002006530761718,0.000788688659667
2589900000000,2590200000000,0.0005111694335930001,0.000787734985351,0.0023307800292960003,0.000787734985351
2590200000000,2590500000000,0.0006065368652340001,0.0008020401000970001,0.0093994140625,0.000852584838867
2590500000000,2590800000000,0.000578880310058,0.0008459091186520001,0.0029411315917960003,0.000848770141601
2590800000000,2591100000000,0.000554084777832,0.0008449554443350001,0.00225830078125,0.000847816467285
2591100000000,2591400000000,0.0005760192871090001,0.000833511352539,0.0031700134277340003,0.0008449554443350001
2591400000000,2591700000000,0.000584602355957,0.0008258819580070001,0.002693176269531,0.000830650329589
2591700000000,2592000000000,0.000628471374511,0.0008201599121090001,0.0030822753906250004,0.0008258819580070001
2592000000000,2592300000000,0.000577926635742,0.0008201599121090001,0.003303527832031,0.0008201599121090001
2592300000000,2592600000000,0.000586509704589,0.000822067260742,0.002967834472656,0.0008239746093750001
2592600000000,2592900000000,0.000569343566894,0.000822067260742,0.002906799316406,0.000823020935058
2592900000000,2593200000000,0.000561714172363,0.0008201599121090001,0.002861022949218,0.0008211135864250001
2593200000000,2593500000000,0.0005521774291990001,0.0008211135864250001,0.002220153808593,0.0008211135864250001
2593500000000,2593800000000,0.000567436218261,0.0008211135864250001,0.0032157897949210003,0.0008211135864250001
2593800000000,2594100000000,0.0006265640258780001,0.000830650329589,0.012115478515625002,0.0008630752563470001
2594100000000,2594400000000,0.00063419342041,0.000861167907714,0.003772735595703,0.0008621215820310001
2594400000000,2594700000000,0.0008201599121090001,0.000861167907714,0.007522583007812,0.000861167907714
2594700000000,2595000000000,0.000792503356933,0.0008544921875,0.007705688476562,0.000861167907714
2595000000000,2595300000000,0.000568389892578,0.0008506774902340001,0.003284454345703,0.0008554458618160001
2595300000000,2595600000000,0.0005769729614250001,0.0008459091186520001,0.0026969909667960003,0.000847816467285
2595600000000,2595900000000,0.000581741333007,0.0008459091186520001,0.0032043457031250004,0.0008459091186520001
2595900000000,2596200000000,0.000578880310058,0.000842094421386,0.0022087097167960003,0.0008459091186520001
2596200000000,2596500000000,0.0005826950073240001,0.0008430480957030001,0.004112243652343001,0.0008430480957030001
2596500000000,2596800000000,0.0005655288696280001,0.000842094421386,0.0024528503417960003,0.000842094421386
2596800000000,2597100000000,0.0005760192871090001,0.0008430480957030001,0.003284454345703,0.0008430480957030001
2597100000000,2597400000000,0.0005826950073240001,0.000842094421386,0.0023612976074210003,0.0008430480957030001
2597400000000,2597700000000,0.000592231750488,0.000842094421386,0.0023193359375,0.0008459091186520001
2597700000000,2598000000000,0.000569343566894,0.0008430480957030001,0.0026054382324210003,0.0008459091186520001
2598000000000,2598300000000,0.000577926635742,0.000842094421386,0.002326965332031,0.0008449554443350001
2598300000000,2598600000000,0.0005874633789060001,0.000842094421386,0.0022850036621090003,0.0008449554443350001
2598600000000,2598900000000,0.000605583190917,0.0008440017700190001,0.003242492675781,0.000847816467285
2598900000000,2599200000000,0.0006017684936520001,0.0008440017700190001,0.002265930175781,0.0008468627929680001
2599200000000,2599500000000,0.0006017684936520001,0.0008440017700190001,0.003288269042968,0.0008459091186520001
2599500000000,2599800000000,0.000593185424804,0.0008430480957030001,0.007301330566406,0.0008459091186520001
2599800000000,2600100000000,0.000611305236816,0.0008430480957030001,0.002471923828125,0.0008430480957030001
2600100000000,2600400000000,0.000612258911132,0.000842094421386,0.002685546875,0.0008430480957030001
2600400000000,2600700000000,0.000627517700195,0.00084114074707,0.00299072265625,0.00084114074707
2600700000000,2601000000000,0.0006332397460930001,0.0008440017700190001,0.005348205566406,0.0008449554443350001
2601000000000,2601300000000,0.000591278076171,0.0008449554443350001,0.005264282226562,0.0008449554443350001
2601300000000,2601600000000,0.0006132125854490001,0.0008440017700190001,0.002510070800781,0.0008449554443350001
2601600000000,2601900000000,0.0006303787231440001,0.0008430480957030001,0.0027427673339840003,0.0008430480957030001
2601900000000,2602200000000,0.00059700012207,0.000842094421386,0.002372741699218,0.0008430480957030001
2602200000000,2602500000000,0.0005960464477530001,0.0008430480957030001,0.005119323730468001,0.0008430480957030001
2602500000000,2602800000000,0.000604629516601,0.0008430480957030001,0.004409790039062,0.0008430480957030001
2602800000000,2603100000000,0.0006189346313470001,0.0008430480957030001,0.004440307617187,0.0008440017700190001
2603100000000,2603400000000,0.000593185424804,0.00084114074707,0.002204895019531,0.0008430480957030001
2603400000000,2603700000000,0.000597953796386,0.0008401870727530001,0.002338409423828,0.0008401870727530001
2603700000000,2604000000000,0.00062084197998,0.0008401870727530001,0.0031433105468750004,0.0008401870727530001
2604000000000,2604300000000,0.0006637573242180001,0.0008401870727530001,0.003273010253906,0.0008401870727530001
2604300000000,2604600000000,0.0006313323974600001,0.00084114074707,0.004264831542968001,0.0008430480957030001
2604600000000,2604900000000,0.0007219314575190001,0.0008563995361320001,0.007110595703125001,0.000895500183105
2604900000000,2605113000000,0.0007658004760740001,0.000891685485839,0.003303527832031,0.0008935928344720001
2605113000000,2605200000000,0.0007352828979490001,0.000891685485839,0.006881713867187,0.000891685485839
2605200000000,2605500000000,0.0006599426269530001,0.000890731811523,0.002784729003906,0.000890731811523
2605500000000,2605800000000,0.000682830810546,0.000890731811523,0.003803253173828,0.000890731811523
2605800000000,2606100000000,0.000683784484863,0.000889778137207,0.0059814453125,0.000889778137207
2606100000000,2606400000000,0.0006608963012690001,0.0008821487426750001,0.006278991699218001,0.000889778137207
2606400000000,2606700000000,0.0006446838378900001,0.000871658325195,0.0025901794433590003,0.000872611999511
2606700000000,2607000000000,0.0006256103515620001,0.0008707046508780001,0.0025138854980460003,0.0008707046508780001
2607000000000,2607300000000,0.000642776489257,0.0008697509765620001,0.003173828125,0.0008707046508780001
2607300000000,2607600000000,0.000642776489257,0.0008697509765620001,0.004409790039062,0.0008697509765620001
2607600000000,2607900000000,0.0006437301635740001,0.0008697509765620001,0.004173278808593001,0.0008735656738280001
2607900000000,2608200000000,0.0006370544433590001,0.0008735656738280001,0.0024681091308590003,0.0008735656738280001
2608200000000,2608500000000,0.0006618499755850001,0.0008735656738280001,0.005294799804687,0.0008735656738280001
2608500000000,2608800000000,0.0006484985351560001,0.0008735656738280001,0.002567291259765,0.0008735656738280001
2608800000000,2609100000000,0.000672340393066,0.0008735656738280001,0.003181457519531,0.0008735656738280001
2609100000000,2609400000000,0.0006742477416990001,0.0008754730224600001,0.002510070800781,0.0008764266967770001
2609400000000,2609700000000,0.0006551742553710001,0.0008773803710930001,0.002571105957031,0.0008773803710930001
2609700000000,2610000000000,0.000651359558105,0.0008745193481440001,0.0030937194824210003,0.0008773803710930001
2610000000000,2610300000000,0.000739097595214,0.000871658325195,0.009429931640625,0.000872611999511
2610300000000,2610600000000,0.000654220581054,0.0008735656738280001,0.0028343200683590003,0.0008735656738280001
2610600000000,2610900000000,0.0006494522094720001,0.0008735656738280001,0.003543853759765,0.0008735656738280001
2610900000000,2611200000000,0.0006265640258780001,0.000872611999511,0.002449035644531,0.0008735656738280001
2611200000000,2611500000000,0.000603675842285,0.0008745193481440001,0.0030517578125,0.0008754730224600001
2611500000000,2611800000000,0.0006132125854490001,0.0008745193481440001,0.00238037109375,0.0008754730224600001
2611800000000,2612100000000,0.000647544860839,0.0008735656738280001,0.003673553466796,0.0008745193481440001
2612100000000,2612400000000,0.0006599426269530001,0.0008735656738280001,0.002708435058593,0.0008745193481440001
2612400000000,2612700000000,0.000715255737304,0.0008735656738280001,0.0030632019042960003,0.0008745193481440001
2612700000000,2613000000000,0.000640869140625,0.0008745193481440001,0.00296401977539,0.0008745193481440001
2613000000000,2613300000000,0.000666618347167,0.0008745193481440001,0.004905700683593001,0.0008745193481440001
2613300000000,2613600000000,0.000639915466308,0.0008735656738280001,0.002445220947265,0.0008745193481440001
2613600000000,2613900000000,0.000653266906738,0.0008764266967770001,0.004180908203125,0.000880241394042
2613900000000,2614200000000,0.0006074905395500001,0.000879287719726,0.002593994140625,0.000879287719726
2614200000000,2614500000000,0.0006246566772460001,0.00087833404541,0.002601623535156,0.000879287719726
2614500000000,2614800000000,0.0006332397460930001,0.0008764266967770001,0.003314971923828,0.0008773803710930001
2614800000000,2615100000000,0.0006370544433590001,0.0008745193481440001,0.002674102783203,0.0008754730224600001
2615100000000,2615400000000,0.000636100769042,0.0008745193481440001,0.0040283203125,0.0008745193481440001
2615400000000,2615700000000,0.0006484985351560001,0.0008754730224600001,0.00592041015625,0.0008764266967770001
2615700000000,2616000000000,0.000646591186523,0.0008745193481440001,0.0028381347656250004,0.0008754730224600001
2616000000000,2616300000000,0.000652313232421,0.0008745193481440001,0.0034294128417960003,0.0008754730224600001
2616300000000,2616600000000,0.0006303787231440001,0.0008745193481440001,0.0034294128417960003,0.0008745193481440001
2616600000000,2616900000000,0.000646591186523,0.0008745193481440001,0.0037841796875,0.0008745193481440001
2616900000000,2617200000000,0.0006446838378900001,0.0008735656738280001,0.0032463073730460003,0.0008735656738280001
2617200000000,2617500000000,0.00067138671875,0.0008735656738280001,0.0032958984375,0.0008735656738280001
2617500000000,2617800000000,0.000650405883789,0.0008735656738280001,0.009628295898437,0.0008745193481440001
2617800000000,2618100000000,0.000652313232421,0.00087833404541,0.00253677368164,0.000879287719726
2618100000000,2618400000000,0.0006437301635740001,0.00087833404541,0.002494812011718,0.00087833404541
2618400000000,2618700000000,0.0006561279296870001,0.0008773803710930001,0.002593994140625,0.00087833404541
2618700000000,2619000000000,0.0006799697875970001,0.00087833404541,0.003631591796875,0.00087833404541
2619000000000,2619300000000,0.0006675720214840001,0.0008773803710930001,0.0030937194824210003,0.00087833404541
2619300000000,2619600000000,0.000642776489257,0.0008764266967770001,0.0029411315917960003,0.0008773803710930001
2619600000000,2619800000000,0.0006551742553710001,0.0008764266967770001,0.002567291259765,0.0008764266967770001
2619800000000,2619900000000,0.0006446838378900001,0.0008764266967770001,0.002674102783203,0.0008764266967770001
2619900000000,2620200000000,0.000642776489257,0.0008754730224600001,0.0025444030761710003,0.0008764266967770001
2620200000000,2620500000000,0.0006494522094720001,0.0008754730224600001,0.003681182861328,0.0008764266967770001
2620500000000,2620800000000,0.0006322860717770001,0.0008754730224600001,0.002525329589843,0.0008754730224600001
2620800000000,2621100000000,0.000653266906738,0.0008745193481440001,0.0035820007324210003,0.0008754730224600001
2621100000000,2621400000000,0.0006256103515620001,0.0008745193481440001,0.002479553222656,0.0008745193481440001
2621400000000,2621700000000,0.000638961791992,0.0008754730224600001,0.002525329589843,0.0008773803710930001
2621700000000,2622000000000,0.000647544860839,0.0008764266967770001,0.003410339355468,0.0008773803710930001
2622000000000,2622300000000,0.000645637512207,0.0008764266967770001,0.009841918945312,0.0008773803710930001
2622300000000,2622600000000,0.000673294067382,0.0008754730224600001,0.0029602050781250004,0.0008764266967770001
2622600000000,2622900000000,0.000652313232421,0.0008745193481440001,0.004020690917968001,0.0008764266967770001
2622900000000,2623200000000,0.000636100769042,0.0008764266967770001,0.002571105957031,0.0008764266967770001
2623200000000,2623500000000,0.000650405883789,0.0008773803710930001,0.002777099609375,0.00087833404541
2623500000000,2623800000000,0.0006294250488280001,0.0008773803710930001,0.0028076171875,0.0008773803710930001
2623800000000,2624100000000,0.0006570816040030001,0.0008764266967770001,0.002777099609375,0.0008773803710930001
2624100000000,2624400000000,0.0006256103515620001,0.0008754730224600001,0.0024223327636710003,0.0008764266967770001
2624400000000,2624700000000,0.000622749328613,0.0008754730224600001,0.003501892089843,0.0008811950683590001
2624700000000,2625000000000,0.000622749328613,0.000880241394042,0.0025596618652340003,0.0008811950683590001
2625000000000,2625300000000,0.000636100769042,0.0008773803710930001,0.00259780883789,0.000880241394042
2625300000000,2625600000000,0.0006494522094720001,0.0008811950683590001,0.004714965820312,0.0008850097656250001
2625600000000,2625900000000,0.000823020935058,0.0008821487426750001,0.014678955078125002,0.000884056091308
2625900000000,2626200000000,0.0007629394531250001,0.0008773803710930001,0.017913818359375,0.00087833404541
2626200000000,2626500000000,0.000678062438964,0.0008764266967770001,0.004188537597656,0.0008773803710930001
2626500000000,2626800000000,0.000638961791992,0.0008754730224600001,0.00244140625,0.0008764266967770001
2626800000000,2627100000000,0.000645637512207,0.0008754730224600001,0.00262451171875,0.0008754730224600001
2627100000000,2627400000000,0.000627517700195,0.0008745193481440001,0.002983093261718,0.0008754730224600001
2627400000000,2627700000000,0.0006332397460930001,0.0008745193481440001,0.002845764160156,0.0008754730224600001
2627700000000,2628000000000,0.0006494522094720001,0.0008745193481440001,0.003299713134765,0.0008745193481440001
2628000000000,2628300000000,0.0006332397460930001,0.0008754730224600001,0.002708435058593,0.0008773803710930001
2628300000000,2628600000000,0.000627517700195,0.0008764266967770001,0.0024833679199210003,0.0008764266967770001
2628600000000,2628900000000,0.000642776489257,0.0008754730224600001,0.01751708984375,0.0008764266967770001
2628900000000,2629200000000,0.000647544860839,0.0008773803710930001,0.003501892089843,0.0008811950683590001
2629200000000,2629500000000,0.000639915466308,0.0008811950683590001,0.002601623535156,0.0008811950683590001
2629500000000,2629800000000,0.0006637573242180001,0.000880241394042,0.0035705566406250004,0.0008821487426750001
2629800000000,2630100000000,0.0006990432739250001,0.0008974075317380001,0.011001586914062,0.000921249389648
2630100000000,2630400000000,0.000665664672851,0.000909805297851,0.002754211425781,0.00091552734375
2630400000000,2630700000000,0.0006904602050780001,0.000905036926269,0.004470825195312,0.000909805297851
2630700000000,2631000000000,0.00067138671875,0.00090217590332,0.0027732849121090003,0.000905036926269
2631000000000,2631300000000,0.0006866455078120001,0.000905036926269,0.004318237304687,0.000907897949218
2631300000000,2631600000000,0.0006914138793940001,0.000905036926269,0.004005432128906,0.000907897949218
2631600000000,2631900000000,0.000697135925292,0.000901222229003,0.0030479431152340003,0.000904083251953
2631900000000,2632200000000,0.000697135925292,0.0009002685546870001,0.00302505493164,0.000903129577636
2632200000000,2632500000000,0.000666618347167,0.0009002685546870001,0.002689361572265,0.00090217590332
2632500000000,2632800000000,0.0006561279296870001,0.0008993148803710001,0.0026969909667960003,0.00090217590332
2632800000000,2633100000000,0.000654220581054,0.0008993148803710001,0.002632141113281,0.0008993148803710001
2633100000000,2633400000000,0.000646591186523,0.0008993148803710001,0.0026359558105460003,0.0008993148803710001
2633400000000,2633700000000,0.000676155090332,0.000901222229003,0.0033226013183590003,0.000905990600585
2633700000000,2634000000000,0.0006856918334960001,0.000903129577636,0.002887725830078,0.000905036926269
2634000000000,2634300000000,0.0006551742553710001,0.000901222229003,0.0026664733886710003,0.000905036926269
2634300000000,2634600000000,0.0006675720214840001,0.0009002685546870001,0.003253936767578,0.000903129577636
2634600000000,2634724000000,0.0006332397460930001,0.0008993148803710001,0.002494812011718,0.00090217590332
2634724000000,2634900000000,0.000699996948242,0.0008993148803710001,0.0026512145996090003,0.00090217590332
2634900000000,2635200000000,0.000676155090332,0.0008993148803710001,0.005302429199218001,0.00090217590332
2635200000000,2635500000000,0.0006980895996090001,0.000903129577636,0.003532409667968,0.000906944274902
2635500000000,2635800000000,0.000715255737304,0.000903129577636,0.00278091430664,0.000905990600585
2635800000000,2636100000000,0.000672340393066,0.00090217590332,0.005714416503906,0.000905990600585
2636100000000,2636400000000,0.0006637573242180001,0.000903129577636,0.002693176269531,0.000903129577636
2636400000000,2636700000000,0.0006675720214840001,0.000901222229003,0.005180358886718001,0.000903129577636
2636700000000,2637000000000,0.000642776489257,0.0009002685546870001,0.00271987915039,0.0009002685546870001
2637000000000,2637300000000,0.00065803527832,0.000903129577636,0.0026664733886710003,0.000904083251953
2637300000000,2637600000000,0.0006561279296870001,0.000903129577636,0.004409790039062,0.000903129577636
2637600000000,2637900000000,0.000683784484863,0.0009002685546870001,0.003120422363281,0.000903129577636
2637900000000,2638200000000,0.000669479370117,0.000901222229003,0.0037841796875,0.000903129577636
2638200000000,2638500000000,0.000672340393066,0.00090217590332,0.0030517578125,0.00090217590332
2638500000000,2638800000000,0.0006551742553710001,0.0009002685546870001,0.0027275085449210003,0.00090217590332
2638800000000,2639100000000,0.000664710998535,0.0009002685546870001,0.00335693359375,0.0009002685546870001
2639100000000,2639400000000,0.0006599426269530001,0.0009002685546870001,0.0027885437011710003,0.0009002685546870001
2639400000000,2639700000000,0.0006561279296870001,0.0009002685546870001,0.002998352050781,0.000903129577636
2639700000000,2640000000000,0.000651359558105,0.000904083251953,0.0030784606933590003,0.000905990600585
2640000000000,2640300000000,0.000676155090332,0.000905990600585,0.002685546875,0.000906944274902
2640300000000,2640600000000,0.0006561279296870001,0.000905036926269,0.002704620361328,0.000905990600585
2640600000000,2640900000000,0.0006628036499020001,0.00090217590332,0.00274658203125,0.000905036926269
2640900000000,2641200000000,0.0006608963012690001,0.000901222229003,0.002704620361328,0.000901222229003
2641200000000,2641500000000,0.000676155090332,0.00090217590332,0.003131866455078,0.000903129577636
2641500000000,2641800000000,0.000767707824707,0.00090217590332,0.010787963867187,0.00090217590332
2641800000000,2642100000000,0.0007286071777340001,0.00090217590332,0.010818481445312,0.000903129577636
2642100000000,2642400000000,0.000672340393066,0.000903129577636,0.0027885437011710003,0.000905036926269
2642400000000,2642700000000,0.00068187713623,0.000905036926269,0.004020690917968001,0.000908851623535
2642700000000,2643000000000,0.0006790161132810001,0.000906944274902,0.003364562988281,0.000906944274902
2643000000000,2643300000000,0.000682830810546,0.000904083251953,0.003627777099609,0.000906944274902
2643300000000,2643600000000,0.0006742477416990001,0.000903129577636,0.0028076171875,0.000904083251953
2643600000000,2643900000000,0.000678062438964,0.00090217590332,0.0028076171875,0.000904083251953
2643900000000,2644200000000,0.000666618347167,0.000904083251953,0.003498077392578,0.000904083251953
2644200000000,2644499000000,0.000664710998535,0.000901222229003,0.0027732849121090003,0.000903129577636
2644499000000,2644500000000,0.0006103515625,0.000901222229003,0.000612258911132,0.000901222229003
2644500000000,2644800000000,0.00067138671875,0.000901222229003,0.003120422363281,0.000901222229003
2644800000000,2645100000000,0.000677108764648,0.000905036926269,0.003364562988281,0.000908851623535
2645100000000,2645400000000,0.0006675720214840001,0.000905036926269,0.003791809082031,0.000905990600585
2645400000000,2645700000000,0.0006752014160150001,0.000901222229003,0.002765655517578,0.000905036926269
2645700000000,2646000000000,0.0006790161132810001,0.000901222229003,0.002826690673828,0.000901222229003
2646000000000,2646300000000,0.0006790161132810001,0.000901222229003,0.002799987792968,0.000901222229003
2646300000000,2646600000000,0.000666618347167,0.000903129577636,0.00274658203125,0.000904083251953
2646600000000,2646900000000,0.0006799697875970001,0.000903129577636,0.0028953552246090003,0.000903129577636
2646900000000,2647200000000,0.0006628036499020001,0.000901222229003,0.004692077636718001,0.000903129577636
2647200000000,2647500000000,0.000654220581054,0.000901222229003,0.003498077392578,0.000901222229003
2647500000000,2647800000000,0.000670433044433,0.00090217590332,0.004806518554687,0.000905990600585
2647800000000,2648100000000,0.000738143920898,0.000905990600585,0.004409790039062,0.000906944274902
2648100000000,2648400000000,0.000684738159179,0.000905036926269,0.0027275085449210003,0.000905990600585
2648400000000,2648700000000,0.000678062438964,0.000903129577636,0.00274658203125,0.000904083251953
2648700000000,2649000000000,0.0006551742553710001,0.000901222229003,0.0026664733886710003,0.00090217590332
2649000000000,2649300000000,0.0006561279296870001,0.000901222229003,0.003547668457031,0.000903129577636
2649300000000,2649600000000,0.0006685256958000001,0.000903129577636,0.002738952636718,0.000903129577636
2649600000000,2649900000000,0.000652313232421,0.000901222229003,0.0029716491699210003,0.00090217590332
2649900000000,2650200000000,0.0006437301635740001,0.000901222229003,0.0022850036621090003,0.000901222229003
2650200000000,2650500000000,0.0007600784301750001,0.000903129577636,0.004173278808593001,0.000904083251953
2650500000000,2650800000000,0.0007028579711910001,0.000904083251953,0.003791809082031,0.000904083251953
2650800000000,2651100000000,0.000678062438964,0.000904083251953,0.004745483398437,0.000904083251953
2651100000000,2651400000000,0.0007228851318350001,0.000904083251953,0.004310607910156,0.000904083251953
2651400000000,2651700000000,0.0006914138793940001,0.000903129577636,0.0027732849121090003,0.000904083251953
2651700000000,2652000000000,0.000665664672851,0.00090217590332,0.003826141357421,0.000903129577636
2652000000000,2652300000000,0.0006799697875970001,0.000901222229003,0.002799987792968,0.000901222229003
2652300000000,2652600000000,0.000673294067382,0.0009002685546870001,0.002815246582031,0.000901222229003
2652600000000,2652900000000,0.0006875991821280001,0.000901222229003,0.004676818847656,0.000901222229003
2652900000000,2653200000000,0.00068187713623,0.000901222229003,0.006240844726562,0.000904083251953
2653200000000,2653500000000,0.000697135925292,0.000904083251953,0.006340026855468001,0.000904083251953
2653500000000,2653800000000,0.000678062438964,0.000904083251953,0.004158020019531,0.000904083251953
2653800000000,2654100000000,0.000676155090332,0.00090217590332,0.00274658203125,0.000904083251953
2654100000000,2654400000000,0.000688552856445,0.00090217590332,0.003887176513671,0.000905036926269
2654400000000,2654700000000,0.0007019042968750001,0.000904083251953,0.0028495788574210003,0.000904083251953
2654700000000,2655000000000,0.000688552856445,0.000903129577636,0.002826690673828,0.000903129577636
2655000000000,2655300000000,0.0006799697875970001,0.000901222229003,0.002704620361328,0.00090217590332
2655300000000,2655600000000,0.000670433044433,0.000901222229003,0.004096984863281,0.000901222229003
2655600000000,2655900000000,0.0006790161132810001,0.000901222229003,0.00372314453125,0.000901222229003
2655900000000,2656200000000,0.0006942749023430001,0.000903129577636,0.002704620361328,0.000908851623535
2656200000000,2656500000000,0.0006866455078120001,0.000907897949218,0.004898071289062,0.000907897949218
2656500000000,2656800000000,0.0006914138793940001,0.000905990600585,0.004447937011718001,0.000907897949218
2656800000000,2657100000000,0.0006875991821280001,0.000904083251953,0.002754211425781,0.000905036926269
2657100000000,2657400000000,0.0006875991821280001,0.000904083251953,0.004615783691406,0.000905036926269
2657400000000,2657700000000,0.000673294067382,0.000901222229003,0.00265884399414,0.000903129577636
2657700000000,2658000000000,0.000682830810546,0.000903129577636,0.0027885437011710003,0.000903129577636
2658000000000,2658300000000,0.0006866455078120001,0.000903129577636,0.00372314453125,0.000903129577636
2658300000000,2658600000000,0.000711441040039,0.000904083251953,0.005348205566406,0.000909805297851
2658600000000,2658900000000,0.0007410049438470001,0.000918388366699,0.009170532226562,0.000941276550292
2658900000000,2659200000000,0.0007467269897460001,0.000947952270507,0.00326919555664,0.000948905944824
2659200000000,2659500000000,0.0007038116455070001,0.000947952270507,0.00408935546875,0.00094985961914
2659500000000,2659800000000,0.000711441040039,0.000947952270507,0.004295349121093001,0.00094985961914
2659800000000,2660100000000,0.00069522857666,0.000946998596191,0.00278091430664,0.000947952270507
2660100000000,2660400000000,0.000713348388671,0.000940322875976,0.00302505493164,0.000946998596191
2660400000000,2660700000000,0.0007219314575190001,0.000930786132812,0.003700256347656,0.000931739807128
2660700000000,2661000000000,0.00074291229248,0.000930786132812,0.014801025390625002,0.000930786132812
2661000000000,2661300000000,0.0007286071777340001,0.000930786132812,0.004203796386718001,0.000930786132812
2661300000000,2661600000000,0.0007638931274410001,0.000930786132812,0.004165649414062,0.000930786132812
2661600000000,2661900000000,0.0007591247558590001,0.000930786132812,0.005180358886718001,0.000931739807128
2661900000000,2662200000000,0.000769615173339,0.000930786132812,0.00885009765625,0.000931739807128
2662200000000,2662500000000,0.0007343292236320001,0.000929832458496,0.0057373046875,0.000930786132812
2662500000000,2662800000000,0.0007667541503900001,0.000925064086914,0.003620147705078,0.000927925109863
2662800000000,2663100000000,0.000711441040039,0.00092601776123,0.003810882568359,0.000927925109863
2663100000000,2663400000000,0.000711441040039,0.000927925109863,0.003173828125,0.000927925109863
2663400000000,2663700000000,0.000712394714355,0.000927925109863,0.002922058105468,0.000928878784179
2663700000000,2664000000000,0.0007095336914060001,0.000927925109863,0.004196166992187,0.000927925109863
2664000000000,2664300000000,0.0007333755493160001,0.000926971435546,0.003471374511718,0.000928878784179
2664300000000,2664600000000,0.000761032104492,0.000926971435546,0.004783630371093001,0.000926971435546
2664600000000,2664900000000,0.0007162094116210001,0.00092601776123,0.007286071777343001,0.000927925109863
2664900000000,2665200000000,0.0007410049438470001,0.000929832458496,0.0035400390625,0.000930786132812
2665200000000,2665500000000,0.000743865966796,0.000930786132812,0.003364562988281,0.000930786132812
2665500000000,2665800000000,0.0007524490356440001,0.000926971435546,0.009979248046875,0.000929832458496
2665800000000,2666100000000,0.0007820129394530001,0.00092601776123,0.01123046875,0.000926971435546
2666100000000,2666400000000,0.0007524490356440001,0.000925064086914,0.004013061523437,0.000925064086914
2666400000000,2666700000000,0.0007476806640620001,0.000925064086914,0.008560180664062,0.000925064086914
2666700000000,2667000000000,0.0007209777832030001,0.000926971435546,0.004920959472656,0.000926971435546
2667000000000,2667300000000,0.000725746154785,0.00092601776123,0.003990173339843001,0.000926971435546
2667300000000,2667600000000,0.000750541687011,0.000926971435546,0.006965637207031,0.000927925109863
2667600000000,2667900000000,0.00074291229248,0.000926971435546,0.004768371582031,0.000926971435546
2667900000000,2668200000000,0.0007362365722650001,0.00092601776123,0.008010864257812,0.000926971435546
2668200000000,2668500000000,0.000731468200683,0.000927925109863,0.002948760986328,0.000929832458496
2668500000000,2668800000000,0.0007514953613280001,0.000930786132812,0.0032768249511710003,0.000931739807128
2668800000000,2669100000000,0.0007095336914060001,0.000929832458496,0.005264282226562,0.000930786132812
2669100000000,2669400000000,0.000696182250976,0.00092601776123,0.0032615661621090003,0.000928878784179
2669400000000,2669700000000,0.000786781311035,0.00093936920166,0.008804321289062,0.000980377197265
2669700000000,2669901000000,0.0007896423339840001,0.0009765625,0.0045166015625,0.000980377197265
2669901000000,2670000000000,0.0007333755493160001,0.0009765625,0.003173828125,0.000978469848632
2670000000000,2670300000000,0.00074291229248,0.0009765625,0.004127502441406,0.000978469848632
2670300000000,2670600000000,0.0007209777832030001,0.000961303710937,0.006515502929687,0.000978469848632
2670600000000,2670900000000,0.0007362365722650001,0.000955581665039,0.012008666992187,0.000958442687988
2670900000000,2671200000000,0.000732421875,0.000958442687988,0.0030937194824210003,0.000959396362304
2671200000000,2671500000000,0.000772476196289,0.000958442687988,0.003620147705078,0.000959396362304
2671500000000,2671800000000,0.0007476806640620001,0.000959396362304,0.003173828125,0.000960350036621
2671800000000,2672100000000,0.0007362365722650001,0.000954627990722,0.006233215332031,0.000959396362304
2672100000000,2672400000000,0.000738143920898,0.000954627990722,0.005271911621093001,0.000954627990722
2672400000000,2672700000000,0.0007543563842770001,0.000952720642089,0.007827758789062,0.000954627990722
2672700000000,2673000000000,0.000726699829101,0.000953674316406,0.009979248046875,0.000954627990722
2673000000000,2673300000000,0.000737190246582,0.000955581665039,0.00360107421875,0.000956535339355
2673300000000,2673600000000,0.0007410049438470001,0.000955581665039,0.004173278808593001,0.000955581665039
2673600000000,2673900000000,0.0007648468017570001,0.000954627990722,0.00320816040039,0.000955581665039
2673900000000,2674200000000,0.000739097595214,0.000955581665039,0.003730773925781,0.000955581665039
2674200000000,2674500000000,0.0007553100585930001,0.000954627990722,0.003803253173828,0.000955581665039
2674500000000,2674800000000,0.00079345703125,0.000954627990722,0.007225036621093001,0.000954627990722
2674800000000,2675100000000,0.000732421875,0.000954627990722,0.003131866455078,0.000954627990722
2675100000000,2675400000000,0.000737190246582,0.000951766967773,0.00396728515625,0.000953674316406
2675400000000,2675700000000,0.000741958618164,0.000951766967773,0.003757476806640001,0.000952720642089
2675700000000,2676000000000,0.000708580017089,0.000951766967773,0.002937316894531,0.000951766967773
2676000000000,2676300000000,0.000715255737304,0.000951766967773,0.003791809082031,0.000951766967773
2676300000000,2676600000000,0.000720024108886,0.000951766967773,0.006675720214843001,0.000952720642089
2676600000000,2676900000000,0.0008087158203120001,0.00096321105957,0.009048461914062,0.000993728637695
2676900000000,2677097000000,0.00081729888916,0.001003265380859,0.004432678222656,0.001005172729492
2677097000000,2677200000000,0.0008020401000970001,0.001003265380859,0.004325866699218001,0.001003265380859
2677200000000,2677500000000,0.0007476806640620001,0.001001358032226,0.003288269042968,0.001003265380859
2677500000000,2677800000000,0.000750541687011,0.000995635986328,0.004325866699218001,0.001001358032226
2677800000000,2678100000000,0.0007600784301750001,0.000989913940429,0.003070831298828,0.000995635986328
2678100000000,2678400000000,0.000769615173339,0.000986099243164,0.005073547363281,0.000986099243164
2678400000000,2678700000000,0.000767707824707,0.000984191894531,0.004081726074218001,0.000986099243164
2678700000000,2679000000000,0.0007343292236320001,0.000980377197265,0.005531311035156,0.000982284545898
